221,252
221,255
221,255
221,257
221,257
223,258
224,257
224,257
226,256
226,254
226,254
227,252
227,252
228,252
228,252
229,251
230,250
230,250
232,250
236,249
236,249
236,249
239,247
241,245
241,245
241,243
244,240
244,240
247,236
250,232
250,232
254,229
254,229
254,226
254,226
254,225
252,225
252,225
252,225
252,225
252,225
252,225
252,225
251,225
251,225
251,225
251,225
251,225
251,225
251,224
251,224
251,224
250,224
250,224
250,224
248,225
248,226
248,226
247,226
247,226
246,227
246,227
246,227
244,227
244,227
242,228
240,230
240,230
240,231
240,231
241,231
241,231
241,232
242,232
242,232
242,234
242,235
242,235
242,238
242,238
244,240
244,240
245,242
246,243
246,243
245,242
246,243
246,243
247,243
247,243
249,242
249,242
249,242
250,242
250,242
252,242
254,242
254,242
256,242
256,242
256,242
256,242
257,243
258,243
258,243
260,243
262,244
262,245
265,244
265,244
268,243
268,243
270,242
274,242
274,242
280,243
284,244
284,244
288,244
288,244
292,243
292,243
294,243
297,241
297,241
303,241
309,240
309,240
312,237
312,237
316,234
316,234
318,230
321,227
321,227
322,226
322,224
322,224
320,225
320,225
319,223
319,223
317,223
315,224
315,224
314,225
314,226
314,226
312,226
312,226
310,226
310,226
309,225
308,225
308,225
306,225
305,227
305,226
305,228
305,228
305,229
305,229
305,231
305,232
305,232
305,233
305,234
305,234
305,236
305,236
305,239
305,239
304,240
303,241
303,241
302,242
300,242
300,242
300,244
301,244
301,246
301,246
302,248
304,249
304,249
306,250
306,251
306,251
307,254
307,254
308,259
308,259
310,261
311,261
311,261
312,260
314,258
314,258
317,259
317,259
322,261
322,261
330,263
336,263
336,263
339,260
343,258
343,258
348,257
348,257
353,256
353,256
358,255
359,252
359,252
361,249
362,246
363,246
364,244
364,244
366,241
366,241
367,239
366,238
366,238
363,238
362,238
362,238
361,238
361,238
360,237
360,237
360,237
359,237
359,237
359,237
358,237
358,237
358,237
358,237
358,237
358,237
357,235
355,234
355,234
355,232
353,233
353,233
352,229
352,229
350,224
350,224
347,223
345,225
345,225
345,226
344,227
344,227
341,227
341,227
339,225
339,225
338,225
336,225
336,225
334,227
330,228
329,228
327,230
327,230
326,232
326,232
325,234
325,237
325,237
322,241
320,244
320,244
319,246
319,246
320,248
320,248
321,250
322,251
322,251
323,251
323,253
323,253
324,255
324,255
325,258
325,258
326,260
327,260
327,260
326,259
326,256
326,256
327,255
327,255
